120 20
3 17
2 5
3 18
3 8
5 19
5 14
3 7
1 8
5 5
1 19
1 18
2 6
4 8
3 9
4 9
5 10
4 5
3 9
5 19
0 15
1 12
4 6
2 2
4 1
0 11
5 11
2 9
5 16
3 14
4 2
5 5
0 15
0 1
0 10
1 5
4 11
3 18
5 10
1 11
0 5
4 15
0 3
1 18
5 13
5 0
3 1
4 0
3 0
4 4
1 6
5 7
5 19
1 6
5 10
3 12
5 3
4 16
0 3
0 10
2 11
0 16
2 8
4 4
4 14
0 2
3 2
5 9
5 18
5 3
3 8
5 0
0 15
4 1
1 15
4 11
1 14
4 15
5 19
5 6
0 0
4 5
0 1
1 15
0 13
5 12
5 6
5 4
4 13
0 15
4 9
5 19
0 5
1 1
1 13
1 10
2 7
0 7
5 2
0 0
0 13
1 1
2 9
5 16
4 16
3 3
0 10
0 13
2 16
4 13
3 14
1 7
3 11
2 2
2 2
5 14
5 10
0 19
3 5
5 15
0 11
