120 20
4 2
2 13
4 8
1 6
2 7
2 11
1 19
4 8
4 16
3 19
1 10
0 2
1 16
4 18
5 2
2 9
0 12
4 15
3 4
0 11
2 13
0 2
3 13
3 2
3 7
0 11
1 8
2 14
4 5
5 13
0 1
5 4
3 9
3 9
0 12
1 9
4 14
5 9
3 7
2 1
0 17
3 4
0 17
0 2
5 2
0 10
0 1
4 13
5 5
5 8
5 15
2 14
3 1
2 1
2 6
3 15
5 14
2 9
5 2
2 6
0 2
1 4
4 10
5 18
0 13
4 4
0 15
5 10
0 13
0 9
0 6
3 15
2 8
4 17
3 19
1 6
5 0
2 9
5 1
4 10
4 13
0 14
5 9
4 9
1 1
5 6
2 3
5 12
3 18
4 13
0 5
3 15
4 15
0 11
3 11
0 14
2 12
3 17
0 5
4 15
0 17
5 18
4 16
4 16
4 4
1 16
4 14
1 18
5 8
4 9
1 15
3 8
1 11
3 0
5 16
5 19
1 9
3 6
1 4
0 12
