120 20
1 2
4 0
0 9
0 9
0 5
0 19
0 3
1 19
2 16
3 19
2 19
3 5
5 5
2 5
0 18
2 12
1 12
3 12
4 5
1 1
1 10
3 9
4 1
0 10
1 3
0 15
3 2
5 17
0 4
3 11
4 5
5 15
2 1
4 10
5 2
0 1
3 16
0 17
5 3
4 12
5 9
3 4
3 12
1 2
1 16
1 12
5 1
0 10
2 19
1 1
0 7
4 5
2 17
1 6
0 14
5 19
2 9
0 18
2 5
5 19
1 17
1 6
2 2
2 1
2 0
0 15
1 17
4 16
2 7
1 7
1 4
5 8
0 15
0 7
2 2
4 6
2 1
4 11
2 9
5 6
1 19
0 1
3 14
4 14
0 11
1 7
4 1
2 1
4 6
5 8
4 7
4 1
4 7
4 4
0 8
3 1
5 4
0 15
0 4
2 4
2 4
3 15
4 12
2 13
3 17
0 11
0 0
5 4
5 16
1 7
2 11
3 4
4 15
2 18
0 14
0 8
5 18
0 15
0 4
3 13
