120 20
0 18
3 3
1 12
2 6
3 2
2 14
0 14
1 4
2 18
1 6
1 0
0 6
1 14
0 19
1 1
1 7
0 12
4 3
3 17
3 14
4 4
4 10
0 19
3 1
2 15
1 5
1 5
1 13
1 10
3 1
4 14
2 3
0 2
4 14
5 7
1 11
3 9
4 14
1 16
5 6
5 3
2 2
3 14
4 11
1 4
5 8
3 5
0 17
0 9
2 0
1 13
0 19
3 5
1 11
5 1
0 16
0 12
0 17
4 17
0 2
2 5
3 13
2 13
2 11
3 6
1 2
2 14
5 2
5 19
4 12
2 14
0 17
0 10
4 4
0 18
0 10
5 9
4 7
2 17
4 17
1 1
1 3
5 5
3 15
3 2
0 17
4 0
4 14
4 12
5 18
4 17
4 7
0 15
3 0
5 16
5 9
4 1
4 4
5 14
0 3
5 3
5 17
5 7
4 13
4 2
3 3
0 16
2 17
1 8
0 9
4 7
0 13
3 14
4 6
4 13
2 17
2 3
2 11
0 17
5 10
