120 20
2 5
4 13
5 17
1 1
5 8
5 12
0 0
2 15
5 11
2 12
3 10
3 6
4 18
1 6
5 2
3 17
1 1
0 3
3 14
0 15
1 8
0 0
1 5
4 8
0 15
3 12
2 3
3 12
1 5
3 14
0 2
5 6
3 15
3 1
2 10
4 11
1 7
0 10
2 19
2 0
2 2
2 15
3 3
2 11
0 18
0 7
1 10
3 15
2 6
1 6
5 4
5 7
2 1
2 15
5 0
5 10
5 0
1 1
2 4
1 15
4 10
4 7
3 7
5 17
3 11
0 2
4 5
2 11
1 0
4 10
2 14
4 15
0 9
3 1
4 1
1 0
4 18
3 4
3 3
2 11
1 17
0 2
0 15
1 0
0 13
3 0
5 6
5 14
3 12
1 12
5 12
2 16
4 13
4 0
1 14
3 2
1 16
4 17
5 11
4 11
3 11
5 3
1 7
1 4
2 5
5 16
0 1
4 19
5 5
1 14
3 14
1 14
3 6
3 7
4 12
1 13
0 2
3 12
4 18
3 12
