120 20
5 10
2 12
1 3
5 16
5 8
3 16
4 4
2 17
0 6
3 4
1 10
2 19
3 18
1 15
3 9
5 14
3 6
3 19
4 2
2 15
5 13
4 18
1 6
4 10
0 11
3 0
5 3
0 7
2 1
4 19
1 9
3 13
2 4
0 16
3 12
2 1
5 7
5 4
4 6
5 9
3 1
0 2
5 13
0 10
5 3
2 16
3 7
3 7
1 13
2 10
3 19
2 12
2 2
4 11
2 2
1 9
3 14
3 12
2 12
5 1
3 16
5 19
4 18
3 6
2 13
4 9
5 19
5 10
3 1
0 1
4 18
4 11
1 5
1 19
2 10
2 16
5 1
3 1
1 5
3 14
2 8
1 3
2 17
3 13
0 11
1 7
0 1
2 1
4 6
4 8
2 4
3 14
3 4
5 8
5 6
0 0
0 19
0 18
3 2
3 7
2 1
4 3
2 5
3 1
3 9
5 19
3 17
1 3
3 12
2 3
5 6
5 9
1 19
3 14
5 10
3 7
2 8
1 6
3 18
3 8
