120 20
1 11
0 18
5 9
0 10
2 6
2 9
4 18
2 9
0 3
2 10
0 5
4 13
2 12
0 6
0 9
0 15
1 13
3 1
5 16
4 9
0 17
4 17
0 9
2 6
4 2
1 16
0 13
1 5
2 0
1 7
4 4
1 14
1 0
2 0
5 18
5 3
2 0
1 3
1 18
4 5
5 2
1 11
2 3
5 12
5 0
4 17
1 17
5 14
0 10
0 6
1 16
2 15
1 1
1 9
2 4
4 3
2 15
5 13
1 2
5 18
1 8
0 11
5 10
2 15
5 12
4 0
4 14
1 0
5 11
3 18
1 15
4 14
3 19
4 13
0 17
3 9
4 19
2 15
1 18
2 14
3 16
5 2
2 15
2 18
1 3
4 13
1 2
2 0
4 7
2 16
3 10
3 1
5 17
1 3
0 0
2 17
5 5
4 19
0 13
4 10
1 19
5 6
3 3
0 3
1 5
1 18
1 16
2 16
0 0
2 9
5 18
5 9
2 18
2 7
1 18
5 0
5 12
1 19
4 6
5 9
