120 20
0 6
0 13
0 12
2 13
2 6
1 7
4 7
5 0
3 13
2 19
1 3
0 13
0 7
1 3
0 12
0 18
1 16
0 18
3 2
0 0
0 6
5 15
2 0
3 6
4 5
0 3
5 15
2 15
4 7
5 6
0 4
3 17
3 12
0 1
0 18
0 6
3 2
0 10
0 1
2 19
1 14
1 15
2 16
1 16
0 12
2 2
3 2
4 9
5 18
0 12
2 17
5 5
5 12
3 5
0 15
2 12
3 11
3 3
5 1
3 10
2 17
2 13
3 7
1 14
3 6
1 6
1 17
1 14
1 10
1 7
3 15
3 19
5 10
1 6
3 6
0 16
5 5
1 16
0 12
2 10
0 9
5 5
3 19
1 12
1 2
2 19
0 2
2 17
3 5
0 3
3 16
2 0
2 1
3 7
1 18
4 8
5 6
3 11
3 5
5 19
0 7
3 17
2 0
2 14
5 14
2 10
0 1
4 12
5 18
2 19
3 9
5 0
5 5
2 4
3 7
0 9
5 5
2 15
5 17
3 12
