120 20
1 19
5 5
3 16
1 8
4 14
5 10
2 10
3 4
0 9
1 1
5 1
0 7
0 10
1 11
5 12
1 2
0 8
3 6
2 5
5 6
3 10
2 8
5 15
4 11
4 15
3 9
2 0
2 13
4 15
3 15
1 17
5 2
0 17
2 10
5 2
0 6
4 18
5 16
5 11
1 1
0 15
3 8
3 10
3 17
0 17
0 16
2 14
1 19
0 18
2 18
2 3
3 16
0 2
2 18
3 15
5 5
5 13
5 6
0 6
5 13
1 8
4 17
2 0
2 6
0 2
3 11
1 0
2 18
0 4
5 8
5 19
0 10
5 10
2 8
5 13
1 11
2 2
4 16
4 9
5 13
2 18
4 9
1 15
3 12
1 16
5 3
3 10
1 0
0 14
5 9
1 1
1 13
5 1
0 10
1 15
3 14
5 11
2 3
1 2
0 10
1 0
1 18
0 10
5 4
1 10
5 16
1 14
0 6
0 2
5 18
4 11
4 2
5 11
2 13
1 5
1 16
4 8
2 8
0 16
2 15
