120 20
5 12
2 4
1 10
4 12
1 0
5 9
5 7
2 19
2 0
1 6
5 2
4 4
0 9
2 14
5 13
1 7
1 2
3 3
5 2
5 15
4 1
0 16
5 3
4 14
2 14
4 3
1 6
5 15
1 15
0 7
4 3
1 10
1 10
4 10
2 1
4 7
4 10
2 14
5 11
5 2
5 9
1 14
5 17
0 2
1 10
1 17
5 8
2 11
3 0
5 2
0 11
2 15
0 6
5 0
0 11
4 7
5 3
2 0
2 10
0 17
2 16
0 18
3 13
5 6
2 14
4 7
4 2
4 0
2 16
1 10
5 18
1 4
2 18
0 6
5 18
4 12
2 1
4 10
0 3
2 19
2 17
1 8
4 13
3 0
0 12
2 13
1 19
1 15
5 1
5 17
5 8
1 6
0 4
3 7
5 5
4 17
3 5
0 13
1 5
1 4
5 15
4 3
5 14
3 3
2 4
5 6
0 14
0 6
2 1
4 9
5 5
4 12
5 16
4 13
1 3
2 3
5 14
0 5
0 18
4 15
