120 20
5 5
0 3
5 4
3 6
2 18
3 5
2 17
3 6
3 7
4 19
0 16
5 15
0 18
1 10
4 7
4 13
2 18
2 10
1 1
4 16
5 5
4 15
4 14
5 8
3 19
5 11
3 1
3 2
2 5
4 14
4 13
3 16
3 4
2 17
3 16
5 18
5 19
1 7
5 7
3 6
5 14
3 6
5 4
1 6
1 5
0 5
0 1
5 13
1 13
1 3
3 8
3 2
3 19
4 12
2 17
3 17
2 16
2 19
5 17
0 14
1 2
3 5
4 5
4 1
0 13
0 7
3 18
1 13
0 11
0 7
5 8
0 11
2 1
0 9
5 12
4 4
5 6
2 10
1 0
5 2
4 7
3 19
3 3
4 14
0 3
1 6
0 19
2 8
3 4
4 14
0 16
0 15
1 0
2 6
3 8
5 17
5 3
4 13
1 2
3 13
5 13
2 8
4 1
0 4
2 17
5 6
3 1
1 8
4 6
4 5
0 15
0 2
3 3
5 17
4 14
4 14
3 13
3 12
1 11
5 13
