120 20
4 13
5 5
5 7
0 3
5 6
4 1
1 6
2 4
2 2
5 2
4 19
2 4
0 10
3 2
5 10
5 18
0 5
5 0
5 7
3 1
3 17
5 2
0 0
3 1
4 2
3 6
5 18
4 3
5 11
1 6
0 4
4 16
0 12
0 15
0 4
1 17
1 3
4 8
1 17
5 19
5 5
1 4
3 8
3 4
0 16
3 12
0 18
1 3
0 9
3 3
0 18
0 6
4 0
1 18
1 15
5 9
5 14
5 8
0 5
3 6
5 6
5 6
3 11
2 16
3 11
2 5
1 11
3 4
2 9
1 13
2 11
3 18
4 7
0 12
3 11
3 6
4 14
3 14
4 6
5 10
3 13
3 7
5 11
0 0
1 5
2 17
5 7
1 6
4 18
1 11
5 1
5 18
1 14
0 5
1 7
5 9
3 6
1 10
0 12
4 2
1 8
3 6
2 19
1 14
2 3
0 18
0 7
5 16
1 13
5 13
1 0
2 6
4 12
4 16
2 10
4 14
5 9
4 18
4 17
0 9
