120 20
3 8
2 3
1 15
1 15
0 11
4 9
3 3
4 8
3 7
2 6
3 12
4 11
2 10
4 17
1 8
4 2
3 2
5 6
1 4
3 7
2 9
0 9
5 15
5 11
3 14
3 9
2 8
5 19
4 19
5 17
3 7
1 7
1 16
2 19
0 7
0 19
4 14
3 1
0 9
4 4
0 13
3 15
0 6
1 12
3 14
3 4
1 12
4 2
3 9
0 12
3 11
5 16
3 3
3 7
3 13
4 13
4 17
4 8
2 6
2 1
2 6
2 13
5 13
2 11
5 1
2 2
5 19
2 2
5 16
2 11
2 12
0 8
0 16
2 6
5 1
5 14
3 9
1 9
2 7
4 17
2 16
3 4
2 19
1 1
1 7
4 9
4 9
0 14
0 18
5 0
3 3
3 18
4 6
1 16
5 0
0 5
4 5
0 15
3 8
4 4
3 2
5 12
4 3
2 1
0 10
5 13
2 13
1 18
4 4
4 5
0 0
1 5
2 4
3 2
0 9
5 5
5 11
5 19
0 15
1 1
