120 20
2 2
3 6
5 15
3 19
4 10
1 13
0 11
5 4
2 4
1 13
1 17
3 4
4 1
4 7
4 17
5 9
2 16
1 8
2 7
1 9
2 2
1 8
4 4
4 6
0 4
1 18
2 13
5 1
4 9
4 17
5 16
4 10
2 7
0 16
1 10
3 3
5 11
4 2
1 8
2 16
4 13
0 6
5 17
0 5
5 19
4 16
4 14
3 12
2 17
3 7
4 17
5 16
5 13
3 17
1 0
5 6
2 0
3 11
5 3
4 7
5 12
4 2
3 2
1 19
0 15
5 2
1 0
5 2
5 10
4 19
1 4
2 7
2 1
2 13
2 19
3 10
5 16
2 1
0 8
5 9
5 10
2 8
0 2
2 8
5 1
2 6
5 16
5 2
2 16
3 5
3 8
2 19
2 0
2 14
5 13
1 16
2 7
5 18
0 7
2 6
0 5
5 6
5 10
0 2
5 17
1 13
2 14
3 14
4 5
0 19
3 4
3 5
3 12
5 4
4 13
4 19
4 7
3 11
5 19
2 15
