120 20
0 11
0 6
3 0
4 7
3 14
5 5
4 16
3 12
2 5
1 18
2 0
2 0
5 11
1 17
4 5
0 5
5 12
3 8
3 0
5 17
4 18
5 8
2 2
0 12
0 2
0 17
3 10
3 9
0 5
4 11
0 14
1 10
2 4
4 4
3 17
4 11
3 15
2 7
1 3
1 10
5 9
1 0
1 9
4 5
0 19
2 8
0 16
4 5
3 0
5 17
2 10
5 17
0 0
3 15
5 15
0 13
3 5
0 0
3 14
1 4
4 13
1 19
4 2
2 14
5 13
5 11
5 11
3 13
2 9
5 19
4 6
3 13
3 17
1 1
3 18
3 16
4 9
5 13
3 12
0 17
2 10
5 13
0 1
3 5
2 19
1 8
3 0
3 0
3 7
1 8
4 6
3 9
0 12
5 10
1 13
1 15
2 7
3 16
1 19
4 4
0 9
5 15
3 17
4 6
4 8
4 2
5 3
5 13
1 17
0 4
1 2
3 5
3 12
5 14
2 15
4 1
4 14
4 6
4 15
5 8
