120 20
4 16
1 3
3 5
0 2
3 13
3 16
2 19
0 1
3 6
0 5
2 6
5 14
5 11
1 15
1 7
2 6
0 13
0 7
2 1
2 11
3 11
0 17
0 17
1 8
0 4
0 16
2 18
1 5
4 17
2 6
1 17
1 0
4 15
0 9
0 10
1 15
0 0
5 3
4 15
3 5
1 10
4 13
2 7
0 9
5 10
5 8
5 0
1 10
2 17
5 16
5 12
0 12
3 15
4 14
1 19
3 13
4 4
1 1
0 16
0 15
1 18
0 18
0 4
1 18
4 0
5 12
2 17
4 9
5 12
5 7
2 14
2 5
4 19
3 1
2 9
1 6
4 4
2 9
1 4
1 14
2 13
4 2
5 15
3 7
4 7
5 2
5 6
5 4
3 14
1 5
1 6
4 2
5 7
3 10
2 11
2 0
4 15
2 7
0 6
3 1
1 0
0 18
4 3
3 8
1 0
0 12
0 16
1 0
0 9
2 18
3 19
0 17
0 13
1 0
5 2
4 4
5 16
3 4
0 9
1 8
