120 20
2 17
2 10
2 5
1 10
5 2
1 17
1 15
1 4
0 18
2 19
0 2
4 18
4 19
1 8
0 7
0 12
3 17
4 18
0 7
3 3
4 15
0 3
1 6
2 8
5 5
0 6
3 5
2 18
0 3
0 17
0 1
2 6
1 13
0 16
1 13
3 6
5 3
3 11
3 0
4 6
0 11
4 18
4 1
1 13
0 3
4 19
2 12
1 18
2 3
0 10
4 17
0 9
1 9
1 2
2 12
5 19
5 16
2 4
3 14
1 7
2 3
2 5
3 4
1 5
1 9
4 8
3 15
4 6
0 2
5 6
1 12
5 2
0 3
3 11
0 19
3 18
3 4
5 11
4 18
1 0
0 16
1 13
1 10
4 16
4 4
4 19
0 19
4 9
0 12
0 3
3 10
3 19
4 16
2 16
4 18
4 13
4 17
5 6
4 2
2 19
5 8
3 18
0 5
3 2
5 12
1 13
4 7
5 18
2 14
5 10
1 2
1 19
1 14
4 18
2 3
3 6
2 1
4 19
1 4
3 7
