120 20
4 10
3 9
5 11
1 12
1 16
3 8
4 16
5 18
4 15
4 13
4 5
1 12
4 9
3 19
5 13
3 15
4 9
0 18
4 12
2 1
3 12
2 19
4 16
1 19
0 16
1 7
2 1
4 5
2 8
1 9
4 19
0 9
3 5
3 9
0 2
4 9
1 12
2 14
4 7
5 11
4 10
5 9
2 2
4 1
2 2
2 16
1 11
0 2
1 4
2 5
4 6
2 12
3 3
2 18
1 13
1 18
1 11
2 15
2 5
5 4
2 3
2 13
2 17
4 2
1 11
3 0
3 1
3 7
5 4
3 11
5 18
2 12
1 0
5 4
2 0
5 17
4 13
0 9
5 10
4 16
3 10
1 11
1 14
4 12
0 8
3 7
1 5
2 17
3 11
3 3
4 1
2 6
5 15
3 9
1 18
0 19
3 6
2 11
4 14
2 10
3 8
5 9
4 9
4 11
1 19
3 3
5 19
2 19
0 4
0 12
1 18
2 2
5 6
2 17
1 9
3 15
2 17
4 15
2 3
2 18
