120 20
4 18
0 12
2 5
1 13
4 11
3 16
4 1
1 18
4 16
1 6
5 5
3 18
0 13
0 9
3 14
4 17
3 3
4 6
5 5
0 7
5 3
3 6
2 12
2 16
0 0
5 9
3 3
5 18
0 19
1 15
4 5
2 10
0 13
2 0
1 8
1 19
3 2
0 8
1 13
5 14
3 19
3 2
5 2
2 4
5 1
2 19
1 15
0 6
0 10
0 18
3 17
5 1
4 6
5 18
0 19
4 4
5 8
2 17
1 0
3 16
2 4
5 11
1 9
3 19
0 7
0 9
3 19
2 7
3 17
2 5
4 2
0 10
4 9
3 16
5 1
2 2
5 1
0 5
3 2
5 2
3 15
4 17
4 18
3 12
0 14
4 3
2 0
3 18
2 14
3 10
4 19
4 1
5 17
5 15
3 16
3 12
3 12
5 9
4 5
5 18
4 12
2 15
5 0
0 5
1 12
1 1
5 19
2 16
1 14
4 19
5 12
4 17
2 0
1 7
2 12
0 5
2 12
4 0
3 18
2 6
