120 20
3 17
3 13
2 5
0 19
5 11
0 10
0 8
0 4
2 13
3 14
5 0
2 1
4 12
0 1
0 19
0 4
1 1
2 8
5 11
5 15
5 11
1 17
4 5
2 13
4 14
3 3
4 13
5 17
0 8
3 16
0 2
4 16
0 14
1 14
1 15
0 8
2 19
4 17
5 0
4 7
0 11
2 5
3 7
3 2
2 13
0 15
1 14
0 4
4 19
4 14
0 12
5 13
2 12
0 19
0 13
0 3
0 9
2 1
1 15
5 15
0 5
1 9
1 5
0 8
2 15
1 11
0 0
1 10
0 6
2 1
0 8
5 16
1 17
4 9
1 12
1 13
0 19
3 17
3 19
3 1
0 3
3 14
1 0
1 0
2 7
5 11
1 18
3 9
0 5
1 0
3 7
3 7
4 8
3 4
5 13
4 6
3 2
4 11
2 10
3 5
4 14
4 8
1 16
5 12
0 12
1 2
3 17
3 18
0 5
0 9
5 0
4 6
4 0
2 0
4 2
0 3
2 14
4 12
4 13
1 3
